<?xml version="1.0" encoding="utf-8"?>
<COLLADA xmlns="http://www.collada.org/2005/11/COLLADASchema" version="1.4.1">
  <asset><contributor><author>Mixamo</author><authoring_tool>COLLADA Mixamo exporter</authoring_tool><comments></comments></contributor><created>2020-02-18T16:52:37Z</created><modified>2020-02-18T16:52:37Z</modified><revision></revision><title></title><unit meter="0.010000"/><up_axis>Y_UP</up_axis></asset>
  <library_animations>
    <animation id="mixamorig6_Hips-anim" name="mixamorig6_Hips"><source id="mixamorig6_Hips-Matrix-animation-input"><float_array id="mixamorig6_Hips-Matrix-animation-input-array" count="34">

0.000000 0.033333 0.066667 0.100000 0.133333 0.166667 0.200000 0.233333 0.266667 0.300000 0.333333 0.366667 0.400000 0.433333 0.466667 0.500000
0.533333 0.566667 0.600000 0.633333 0.666667 0.700000 0.733333 0.766667 0.800000 0.833333 0.866667 0.900000 0.933333 0.966667 1.000000 1.033333
1.066667 1.100000</float_array><technique_common><accessor source="#mixamorig6_Hips-Matrix-animation-input-array" count="34"><param name="TIME" type="float"/></accessor></technique_common></source><source id="mixamorig6_Hips-Matrix-animation-output-transform"><float_array id="mixamorig6_Hips-Matrix-animation-output-transform-array" count="544">

0.985328 -0.121191 0.120173 -0.328295 -0.150882 -0.289441 0.945229 14.725160 -0.079770 -0.949493 -0.303480 -2.954306 0.000000 0.000000 0.000000 1.000000
0.988658 -0.097674 0.114087 -0.209476 -0.137855 -0.288726 0.947435 14.724491 -0.059600 -0.952416 -0.298916 -2.939117 0.000000 0.000000 0.000000 1.000000
0.992211 -0.066409 0.105391 -0.054066 -0.120288 -0.290892 0.949164 14.707809 -0.032376 -0.954448 -0.296615 -2.899585 0.000000 0.000000 0.000000 1.000000
0.995063 -0.029186 0.094853 0.126920 -0.099240 -0.296812 0.949765 14.675741 0.000433 -0.954490 -0.298243 -2.840574 0.000000 0.000000 0.000000 1.000000
0.996477 0.010144 0.083254 0.310746 -0.076177 -0.305821 0.949037 14.638143 0.035087 -0.952035 -0.303970 -2.762479 0.000000 0.000000 0.000000 1.000000
0.996372 0.046967 0.070968 0.474060 -0.052608 -0.315571 0.947443 14.606447 0.066894 -0.947739 -0.311955 -2.677011 0.000000 0.000000 0.000000 1.000000
0.995249 0.078581 0.057489 0.607113 -0.029041 -0.323989 0.945615 14.593903 0.092934 -0.942791 -0.320168 -2.593857 0.000000 0.000000 0.000000 1.000000
0.993599 0.104895 0.041921 0.714365 -0.004941 -0.330399 0.943828 14.609073 0.112853 -0.937995 -0.327766 -2.522892 0.000000 0.000000 0.000000 1.000000
0.991562 0.127437 0.023750 0.805216 0.020435 -0.334581 0.942145 14.653402 0.128010 -0.933710 -0.334363 -2.474519 0.000000 0.000000 0.000000 1.000000
0.988957 0.148162 0.003378 0.886979 0.047063 -0.335588 0.940832 14.722908 0.140530 -0.930284 -0.338856 -2.459180 0.000000 0.000000 0.000000 1.000000
0.985561 0.168398 -0.017644 0.963700 0.073607 -0.332272 0.940307 14.807493 0.152483 -0.928029 -0.339869 -2.482275 0.000000 0.000000 0.000000 1.000000
0.981508 0.187825 -0.036943 1.036680 0.097622 -0.325133 0.940616 14.888111 0.164660 -0.926828 -0.337456 -2.537493 0.000000 0.000000 0.000000 1.000000
0.977518 0.204227 -0.052448 1.102584 0.116770 -0.317215 0.941137 14.941381 0.175568 -0.926103 -0.333931 -2.606810 0.000000 0.000000 0.000000 1.000000
0.974541 0.215000 -0.063597 1.152411 0.130332 -0.312423 0.940960 14.954019 0.182437 -0.925293 -0.332490 -2.669162 0.000000 0.000000 0.000000 1.000000
0.973032 0.219345 -0.071395 1.174816 0.139420 -0.312655 0.939579 14.929744 0.183770 -0.924194 -0.334804 -2.708612 0.000000 0.000000 0.000000 1.000000
0.972776 0.218525 -0.077165 1.161508 0.145557 -0.317022 0.937182 14.880289 0.180335 -0.922900 -0.340199 -2.717326 0.000000 0.000000 0.000000 1.000000
0.973493 0.213823 -0.081179 1.111377 0.149041 -0.323844 0.934298 14.813121 0.173485 -0.921632 -0.347128 -2.696928 0.000000 0.000000 0.000000 1.000000
0.975298 0.204936 -0.082426 1.030533 0.148578 -0.332504 0.931325 14.729513 0.163455 -0.920566 -0.354740 -2.656611 0.000000 0.000000 0.000000 1.000000
0.978384 0.190846 -0.079642 0.928508 0.142439 -0.342716 0.928578 14.631474 0.149921 -0.919850 -0.362492 -2.606469 0.000000 0.000000 0.000000 1.000000
0.982493 0.171616 -0.072488 0.814593 0.129988 -0.352778 0.926634 14.529325 0.133453 -0.919835 -0.368910 -2.552814 0.000000 0.000000 0.000000 1.000000
0.987031 0.148106 -0.061925 0.692889 0.112119 -0.359940 0.926214 14.440963 0.114889 -0.921145 -0.371877 -2.513001 0.000000 0.000000 0.000000 1.000000
0.991466 0.120771 -0.049091 0.563362 0.090091 -0.362549 0.927600 14.385517 0.094229 -0.924106 -0.370335 -2.495016 0.000000 0.000000 0.000000 1.000000
0.995524 0.088203 -0.033934 0.421043 0.063724 -0.361337 0.930255 14.377732 0.069789 -0.928254 -0.365341 -2.491842 0.000000 0.000000 0.000000 1.000000
0.998660 0.049472 -0.015213 0.265474 0.031962 -0.358277 0.933068 14.404782 0.040710 -0.932304 -0.359378 -2.509993 0.000000 0.000000 0.000000 1.000000
0.999955 0.005161 0.008009 0.099489 -0.005657 -0.354767 0.934937 14.449120 0.007667 -0.934940 -0.354722 -2.546278 0.000000 0.000000 0.000000 1.000000
0.998557 -0.041065 0.034601 -0.069015 -0.046832 -0.350695 0.935318 14.490103 -0.026274 -0.935589 -0.352112 -2.596837 0.000000 0.000000 0.000000 1.000000
0.994676 -0.082846 0.061285 -0.223492 -0.086324 -0.345071 0.934598 14.515610 -0.056280 -0.934913 -0.350385 -2.656724 0.000000 0.000000 0.000000 1.000000
0.989933 -0.113718 0.084267 -0.341052 -0.118234 -0.337130 0.934004 14.531516 -0.077804 -0.934565 -0.347182 -2.721428 0.000000 0.000000 0.000000 1.000000
0.986203 -0.130953 0.101271 -0.408270 -0.139388 -0.326858 0.934738 14.554177 -0.089305 -0.935957 -0.340601 -2.787884 0.000000 0.000000 0.000000 1.000000
0.984136 -0.137353 0.112300 -0.432460 -0.150912 -0.315253 0.936932 14.591766 -0.093287 -0.939015 -0.330980 -2.851067 0.000000 0.000000 0.000000 1.000000
0.983251 -0.138322 0.118675 -0.432289 -0.156228 -0.304334 0.939667 14.637670 -0.093860 -0.942469 -0.320847 -2.902888 0.000000 0.000000 0.000000 1.000000
0.983088 -0.136871 0.121670 -0.418729 -0.157819 -0.296160 0.942010 14.679632 -0.092900 -0.945281 -0.312752 -2.936846 0.000000 0.000000 0.000000 1.000000
0.983687 -0.132182 0.122011 -0.388298 -0.156217 -0.291417 0.943754 14.709512 -0.089192 -0.947420 -0.307312 -2.952539 0.000000 0.000000 0.000000 1.000000
0.985275 -0.121814 0.119973 -0.330847 -0.150882 -0.289442 0.945229 14.725157 -0.080417 -0.949413 -0.303560 -2.953624 0.000000 0.000000 0.000000 1.000000</float_array><technique_common><accessor source="#mixamorig6_Hips-Matrix-animation-output-transform-array" count="34" stride="16"><param type="float4x4"/></accessor></technique_common></source><source id="mixamorig6_Hips-Interpolations"><Name_array id="mixamorig6_Hips-Interpolations-array" count="34">
 LINEAR LINEAR LINEAR LINEAR LINEAR LINEAR LINEAR LINEAR LINEAR LINEAR LINEAR
LINEAR LINEAR LINEAR LINEAR LINEAR LINEAR LINEAR LINEAR LINEAR LINEAR LINEAR LINEAR
LINEAR LINEAR LINEAR LINEAR LINEAR LINEAR LINEAR LINEAR LINEAR LINEAR LINEAR</Name_array><technique_common><accessor source="#mixamorig6_Hips-Interpolations-array" count="34"><param type="name"/></accessor></technique_common></source><sampler id="mixamorig6_Hips-Matrix-animation-transform"><input semantic="INPUT" source="#mixamorig6_Hips-Matrix-animation-input"/><input semantic="OUTPUT" source="#mixamorig6_Hips-Matrix-animation-output-transform"/><input semantic="INTERPOLATION" source="#mixamorig6_Hips-Interpolations"/></sampler><channel source="#mixamorig6_Hips-Matrix-animation-transform" target="mixamorig6_Hips/matrix"/></animation>
    <animation id="mixamorig6_Spine-anim" name="mixamorig6_Spine"><source id="mixamorig6_Spine-Matrix-animation-input"><float_array id="mixamorig6_Spine-Matrix-animation-input-array" count="34">

0.000000 0.033333 0.066667 0.100000 0.133333 0.166667 0.200000 0.233333 0.266667 0.300000 0.333333 0.366667 0.400000 0.433333 0.466667 0.500000
0.533333 0.566667 0.600000 0.633333 0.666667 0.700000 0.733333 0.766667 0.800000 0.833333 0.866667 0.900000 0.933333 0.966667 1.000000 1.033333
1.066667 1.100000</float_array><technique_common><accessor source="#mixamorig6_Spine-Matrix-animation-input-array" count="34"><param name="TIME" type="float"/></accessor></technique_common></source><source id="mixamorig6_Spine-Matrix-animation-output-transform"><float_array id="mixamorig6_Spine-Matrix-animation-output-transform-array" count="544">

0.999969 -0.000250 0.007906 0.000000 0.003960 0.881106 -0.472902 10.236600 -0.006848 0.472919 0.881079 -0.985400 0.000000 0.000000 0.000000 1.000000
0.999982 0.003458 0.004926 0.000000 -0.000737 0.882710 -0.469918 10.236600 -0.005973 0.469906 0.882696 -0.985400 0.000000 0.000000 0.000000 1.000000
0.999969 0.007715 0.001325 0.000000 -0.006218 0.885714 -0.464191 10.236600 -0.004755 0.464168 0.885734 -0.985400 0.000000 0.000000 0.000000 1.000000
0.999928 0.011700 -0.002567 -0.000000 -0.011586 0.890383 -0.455065 10.236600 -0.003038 0.455062 0.890454 -0.985400 0.000000 0.000000 0.000000 1.000000
0.999869 0.014878 -0.006315 -0.000000 -0.016137 0.896617 -0.442513 10.236600 -0.000922 0.442557 0.896740 -0.985400 0.000000 0.000000 0.000000 1.000000
0.999801 0.017350 -0.009802 -0.000000 -0.019875 0.903828 -0.427434 10.236600 0.001444 0.427544 0.903993 -0.985400 0.000000 0.000000 0.000000 1.000000
0.999724 0.019498 -0.013068 0.000000 -0.023147 0.911294 -0.411106 10.236600 0.003893 0.411295 0.911494 -0.985400 0.000000 0.000000 0.000000 1.000000
0.999640 0.021466 -0.016081 0.000000 -0.026071 0.918460 -0.394654 10.236600 0.006298 0.394931 0.918689 -0.985400 0.000000 0.000000 0.000000 1.000000
0.999559 0.023074 -0.018719 -0.000000 -0.028447 0.925038 -0.378808 10.236600 0.008575 0.379173 0.925286 -0.985400 0.000000 0.000000 0.000000 1.000000
0.999495 0.023931 -0.020913 -0.000000 -0.029905 0.930932 -0.363965 10.236600 0.010758 0.364406 0.931178 -0.985400 0.000000 0.000000 0.000000 1.000000
0.999460 0.023677 -0.022768 0.000000 -0.030161 0.936060 -0.350544 10.236600 0.013012 0.351042 0.936269 -0.985400 0.000000 0.000000 0.000000 1.000000
0.999451 0.022332 -0.024476 0.000000 -0.029319 0.940184 -0.339404 10.236600 0.015432 0.339935 0.940322 -0.985400 0.000000 0.000000 0.000000 1.000000
0.999447 0.020562 -0.026146 0.000000 -0.028078 0.942949 -0.331752 10.236600 0.017833 0.332302 0.943004 -0.985400 0.000000 0.000000 0.000000 1.000000
0.999429 0.019357 -0.027704 0.000000 -0.027389 0.944153 -0.328368 10.236600 0.019801 0.328939 0.944144 -0.985400 0.000000 0.000000 0.000000 1.000000
0.999399 0.019200 -0.028865 -0.000000 -0.027633 0.943984 -0.328831 10.236600 0.020934 0.329431 0.943947 -0.985400 0.000000 0.000000 0.000000 1.000000
0.999377 0.019658 -0.029295 -0.000000 -0.028273 0.942939 -0.331762 10.236600 0.021102 0.332384 0.942908 -0.985400 0.000000 0.000000 0.000000 1.000000
0.999385 0.019859 -0.028899 0.000000 -0.028423 0.941450 -0.335952 10.236600 0.020535 0.336567 0.941436 -0.985400 0.000000 0.000000 0.000000 1.000000
0.999427 0.019211 -0.027851 0.000000 -0.027568 0.939600 -0.341162 10.236600 0.019615 0.341735 0.939592 -0.985400 0.000000 0.000000 0.000000 1.000000
0.999500 0.017523 -0.026302 -0.000000 -0.025582 0.937242 -0.347740 10.236600 0.018558 0.348240 0.937222 -0.985400 0.000000 0.000000 0.000000 1.000000
0.999602 0.014591 -0.024141 0.000000 -0.022228 0.934352 -0.355657 10.236600 0.017367 0.356052 0.934305 -0.985400 0.000000 0.000000 0.000000 1.000000
0.999723 0.010330 -0.021152 -0.000000 -0.017327 0.931169 -0.364176 10.236600 0.015934 0.364442 0.931090 -0.985400 0.000000 0.000000 0.000000 1.000000
0.999839 0.004703 -0.017303 0.000000 -0.010814 0.927925 -0.372610 10.236600 0.014304 0.372738 0.927827 -0.985400 0.000000 0.000000 0.000000 1.000000
0.999915 -0.001216 -0.012984 -0.000000 -0.003826 0.924483 -0.381203 10.236600 0.012467 0.381220 0.924400 -0.985400 0.000000 0.000000 0.000000 1.000000
0.999946 -0.006385 -0.008234 0.000000 0.002656 0.920366 -0.391050 10.236600 0.010075 0.391006 0.920333 -0.985400 0.000000 0.000000 0.000000 1.000000
0.999949 -0.009632 -0.003181 0.000000 0.007533 0.915171 -0.402996 10.236600 0.006793 0.402951 0.915196 -0.985400 0.000000 0.000000 0.000000 1.000000
0.999941 -0.010660 0.001883 0.000000 0.010476 0.909004 -0.416655 10.236600 0.002730 0.416650 0.909063 -0.985400 0.000000 0.000000 0.000000 1.000000
0.999929 -0.010070 0.006374 -0.000000 0.011833 0.902489 -0.430550 10.236600 -0.001417 0.430595 0.902544 -0.985400 0.000000 0.000000 0.000000 1.000000
0.999916 -0.008685 0.009655 0.000000 0.012064 0.896373 -0.443136 10.236600 -0.004806 0.443215 0.896403 -0.985400 0.000000 0.000000 0.000000 1.000000
0.999910 -0.007075 0.011441 0.000000 0.011495 0.891122 -0.453617 10.236600 -0.006986 0.453708 0.891123 -0.985400 0.000000 0.000000 0.000000 1.000000
0.999913 -0.005589 0.011960 0.000000 0.010482 0.886884 -0.461873 10.236600 -0.008026 0.461958 0.886866 -0.985400 0.000000 0.000000 0.000000 1.000000
0.999922 -0.004422 0.011688 0.000000 0.009378 0.883711 -0.467939 10.236600 -0.008260 0.468012 0.883683 -0.985400 0.000000 0.000000 0.000000 1.000000
0.999934 -0.003439 0.010927 0.000000 0.008187 0.881701 -0.471738 10.236600 -0.008012 0.471797 0.881671 -0.985400 0.000000 0.000000 0.000000 1.000000
0.999951 -0.002198 0.009699 0.000000 0.006527 0.880868 -0.473316 10.236600 -0.007503 0.473356 0.880839 -0.985400 0.000000 0.000000 0.000000 1.000000
0.999969 -0.000250 0.007906 0.000000 0.003960 0.881106 -0.472903 10.236600 -0.006848 0.472919 0.881079 -0.985400 0.000000 0.000000 0.000000 1.000000</float_array><technique_common><accessor source="#mixamorig6_Spine-Matrix-animation-output-transform-array" count="34" stride="16"><param type="float4x4"/></accessor></technique_common></source><source id="mixamorig6_Spine-Interpolations"><Name_array id="mixamorig6_Spine-Interpolations-array" count="34">
 LINEAR LINEAR LINEAR LINEAR LINEAR LINEAR LINEAR LINEAR LINEAR LINEAR LINEAR
LINEAR LINEAR LINEAR LINEAR LINEAR LINEAR LINEAR LINEAR LINEAR LINEAR LINEAR LINEAR
LINEAR LINEAR LINEAR LINEAR LINEAR LINEAR LINEAR LINEAR LINEAR LINEAR LINEAR</Name_array><technique_common><accessor source="#mixamorig6_Spine-Interpolations-array" count="34"><param type="name"/></accessor></technique_common></source><sampler id="mixamorig6_Spine-Matrix-animation-transform"><input semantic="INPUT" source="#mixamorig6_Spine-Matrix-animation-input"/><input semantic="OUTPUT" source="#mixamorig6_Spine-Matrix-animation-output-transform"/><input semantic="INTERPOLATION" source="#mixamorig6_Spine-Interpolations"/></sampler><channel source="#mixamorig6_Spine-Matrix-animation-transform" target="mixamorig6_Spine/matrix"/></animation>
    <animation id="mixamorig6_Spine1-anim" name="mixamorig6_Spine1"><source id="mixamorig6_Spine1-Matrix-animation-input"><float_array id="mixamorig6_Spine1-Matrix-animation-input-array" count="34">

0.000000 0.033333 0.066667 0.100000 0.133333 0.166667 0.200000 0.233333 0.266667 0.300000 0.333333 0.366667 0.400000 0.433333 0.466667 0.500000
0.533333 0.566667 0.600000 0.633333 0.666667 0.700000 0.733333 0.766667 0.800000 0.833333 0.866667 0.900000 0.933333 0.966667 1.000000 1.033333
1.066667 1.100000</float_array><technique_common><accessor source="#mixamorig6_Spine1-Matrix-animation-input-array" count="34"><param name="TIME" type="float"/></accessor></technique_common></source><source id="mixamorig6_Spine1-Matrix-animation-output-transform"><float_array id="mixamorig6_Spine1-Matrix-animation-output-transform-array" count="544">

0.998699 -0.012473 0.049450 -0.000000 0.029698 0.930497 -0.365093 11.997900 -0.041459 0.366086 0.929657 -0.000000 0.000000 0.000000 0.000000 1.000000
0.998977 -0.009019 0.044322 0.000000 0.024545 0.931171 -0.363755 11.997900 -0.037990 0.364470 0.930440 0.000000 0.000000 0.000000 0.000000 1.000000
0.999281 -0.005381 0.037519 0.000000 0.018640 0.931666 -0.362836 11.997900 -0.033003 0.363275 0.931097 0.000000 0.000000 0.000000 0.000000 1.000000
0.999569 -0.002567 0.029254 0.000000 0.012979 0.932212 -0.361680 11.997900 -0.026342 0.361904 0.931843 0.000000 0.000000 0.000000 0.000000 1.000000
0.999799 -0.001082 0.020030 0.000000 0.008221 0.932941 -0.359935 11.997900 -0.018298 0.360027 0.932763 0.000000 0.000000 0.000000 0.000000 1.000000
0.999945 -0.000543 0.010461 -0.000000 0.004250 0.933800 -0.357770 11.997900 -0.009574 0.357795 0.933751 -0.000000 0.000000 0.000000 0.000000 1.000000
0.999999 -0.000267 0.001055 0.000000 0.000625 0.934628 -0.355627 11.997900 -0.000891 0.355628 0.934627 0.000000 0.000000 0.000000 0.000000 1.000000
0.999971 0.000027 -0.007677 0.000000 -0.002743 0.935285 -0.353886 11.997900 0.007170 0.353897 0.935257 0.000000 0.000000 0.000000 0.000000 1.000000
0.999883 0.000169 -0.015267 0.000000 -0.005543 0.935722 -0.352695 11.997900 0.014226 0.352739 0.935614 0.000000 0.000000 0.000000 0.000000 1.000000
0.999767 -0.000200 -0.021603 -0.000000 -0.007417 0.936003 -0.351913 11.997900 0.020291 0.351991 0.935783 0.000000 0.000000 0.000000 0.000000 1.000000
0.999632 -0.001389 -0.027106 0.000000 -0.008226 0.936219 -0.351321 11.997900 0.025865 0.351415 0.935862 0.000000 0.000000 0.000000 0.000000 1.000000
0.999469 -0.003397 -0.032422 0.000000 -0.008204 0.936335 -0.351013 11.997900 0.031550 0.351093 0.935809 0.000000 0.000000 0.000000 0.000000 1.000000
0.999270 -0.005661 -0.037790 -0.000000 -0.007986 0.936187 -0.351412 11.997900 0.037368 0.351457 0.935458 0.000000 0.000000 0.000000 0.000000 1.000000
0.999066 -0.007184 -0.042617 0.000000 -0.008315 0.935717 -0.352652 11.997900 0.042411 0.352677 0.934783 0.000000 0.000000 0.000000 0.000000 1.000000
0.998927 -0.007176 -0.045747 -0.000000 -0.009493 0.935201 -0.353989 11.997900 0.045323 0.354044 0.934130 0.000000 0.000000 0.000000 0.000000 1.000000
0.998909 -0.005702 -0.046347 0.000000 -0.011092 0.935136 -0.354115 11.997900 0.045359 0.354243 0.934053 0.000000 0.000000 0.000000 0.000000 1.000000
0.998999 -0.003647 -0.044583 0.000000 -0.012304 0.935825 -0.352250 11.997900 0.043007 0.352446 0.934843 0.000000 0.000000 0.000000 0.000000 1.000000
0.999144 -0.002034 -0.041328 -0.000000 -0.012522 0.937096 -0.348848 11.997900 0.039438 0.349067 0.936268 -0.000000 0.000000 0.000000 0.000000 1.000000
0.999306 -0.001422 -0.037218 0.000000 -0.011519 0.938482 -0.345137 11.997900 0.035419 0.345326 0.937814 -0.000000 0.000000 0.000000 0.000000 1.000000
0.999478 -0.001927 -0.032246 0.000000 -0.009225 0.939629 -0.342072 11.997900 0.030958 0.342191 0.939120 0.000000 0.000000 0.000000 0.000000 1.000000
0.999648 -0.003558 -0.026305 0.000000 -0.005598 0.940440 -0.339913 11.997900 0.025947 0.339940 0.940089 0.000000 0.000000 0.000000 0.000000 1.000000
0.999787 -0.006220 -0.019702 0.000000 -0.000822 0.940871 -0.338765 11.997900 0.020645 0.338709 0.940665 0.000000 0.000000 0.000000 0.000000 1.000000
0.999875 -0.009386 -0.012728 0.000000 0.004512 0.940683 -0.339258 11.997900 0.015157 0.339158 0.940607 -0.000000 0.000000 0.000000 0.000000 1.000000
0.999915 -0.012074 -0.004884 -0.000000 0.009672 0.939495 -0.342426 11.997900 0.008723 0.342350 0.939532 0.000000 0.000000 0.000000 0.000000 1.000000
0.999898 -0.013431 0.004865 0.000000 0.014284 0.937088 -0.348801 11.997900 0.000126 0.348835 0.937184 0.000000 0.000000 0.000000 0.000000 1.000000
0.999770 -0.013366 0.016772 0.000000 0.018482 0.933691 -0.357602 11.997900 -0.010880 0.357830 0.933723 -0.000000 0.000000 0.000000 0.000000 1.000000
0.999489 -0.012532 0.029413 0.000000 0.022457 0.930009 -0.366851 11.997900 -0.022757 0.367324 0.929815 -0.000000 0.000000 0.000000 0.000000 1.000000
0.999115 -0.011743 0.040388 0.000000 0.026026 0.926928 -0.374334 11.997900 -0.033041 0.375054 0.926414 -0.000000 0.000000 0.000000 0.000000 1.000000
0.998782 -0.011488 0.047976 -0.000000 0.028827 0.925108 -0.378607 11.997900 -0.040033 0.379529 0.924313 0.000000 0.000000 0.000000 0.000000 1.000000
0.998572 -0.011854 0.052085 0.000000 0.030764 0.924743 -0.379347 11.997900 -0.043669 0.380407 0.923787 0.000000 0.000000 0.000000 0.000000 1.000000
0.998479 -0.012632 0.053675 0.000000 0.031983 0.925611 -0.377123 11.997900 -0.044918 0.378266 0.924607 0.000000 0.000000 0.000000 0.000000 1.000000
0.998473 -0.013356 0.053595 0.000000 0.032430 0.927219 -0.373112 11.997900 -0.044711 0.374280 0.926237 0.000000 0.000000 0.000000 0.000000 1.000000
0.998547 -0.013452 0.052181 -0.000000 0.031783 0.928995 -0.368726 11.997900 -0.043516 0.369848 0.928072 0.000000 0.000000 0.000000 0.000000 1.000000
0.998699 -0.012473 0.049450 -0.000000 0.029698 0.930498 -0.365092 11.997900 -0.041459 0.366086 0.929657 0.000000 0.000000 0.000000 0.000000 1.000000</float_array><technique_common><accessor source="#mixamorig6_Spine1-Matrix-animation-output-transform-array" count="34" stride="16"><param type="float4x4"/></accessor></technique_common></source><source id="mixamorig6_Spine1-Interpolations"><Name_array id="mixamorig6_Spine1-Interpolations-array" count="34">
 LINEAR LINEAR LINEAR LINEAR LINEAR LINEAR LINEAR LINEAR LINEAR LINEAR LINEAR
LINEAR LINEAR LINEAR LINEAR LINEAR LINEAR LINEAR LINEAR LINEAR LINEAR LINEAR LINEAR
LINEAR LINEAR LINEAR LINEAR LINEAR LINEAR LINEAR LINEAR LINEAR LINEAR LINEAR</Name_array><technique_common><accessor source="#mixamorig6_Spine1-Interpolations-array" count="34"><param type="name"/></accessor></technique_common></source><sampler id="mixamorig6_Spine1-Matrix-animation-transform"><input semantic="INPUT" source="#mixamorig6_Spine1-Matrix-animation-input"/><input semantic="OUTPUT" source="#mixamorig6_Spine1-Matrix-animation-output-transform"/><input semantic="INTERPOLATION" source="#mixamorig6_Spine1-Interpolations"/></sampler><channel source="#mixamorig6_Spine1-Matrix-animation-transform" target="mixamorig6_Spine1/matrix"/></animation>
    <animation id="mixamorig6_Spine2-anim" name="mixamorig6_Spine2"><source id="mixamorig6_Spine2-Matrix-animation-input"><float_array id="mixamorig6_Spine2-Matrix-animation-input-array" count="34">

0.000000 0.033333 0.066667 0.100000 0.133333 0.166667 0.200000 0.233333 0.266667 0.300000 0.333333 0.366667 0.400000 0.433333 0.466667 0.500000
0.533333 0.566667 0.600000 0.633333 0.666667 0.700000 0.733333 0.766667 0.800000 0.833333 0.866667 0.900000 0.933333 0.966667 1.000000 1.033333
1.066667 1.100000</float_array><technique_common><accessor source="#mixamorig6_Spine2-Matrix-animation-input-array" count="34"><param name="TIME" type="float"/></accessor></technique_common></source><source id="mixamorig6_Spine2-Matrix-animation-output-transform"><float_array id="mixamorig6_Spine2-Matrix-animation-output-transform-array" count="544">

0.998392 -0.016567 0.054215 0.000000 0.035240 0.930492 -0.364613 13.711900 -0.044406 0.365938 0.929579 -0.000000 0.000000 0.000000 0.000000 1.000000
0.998711 -0.013215 0.049000 0.000000 0.030143 0.931211 -0.363232 13.711900 -0.040829 0.364241 0.930409 -0.000000 0.000000 0.000000 0.000000 1.000000
0.999063 -0.009805 0.042164 0.000000 0.024433 0.931758 -0.362257 13.711900 -0.035735 0.362947 0.931124 0.000000 0.000000 0.000000 0.000000 1.000000
0.999396 -0.007378 0.033953 0.000000 0.019149 0.932354 -0.361038 13.711900 -0.028993 0.361470 0.931933 0.000000 0.000000 0.000000 0.000000 1.000000
0.999670 -0.006448 0.024854 0.000000 0.014950 0.933126 -0.359238 13.711900 -0.020875 0.359491 0.932915 0.000000 0.000000 0.000000 0.000000 1.000000
0.999860 -0.006592 0.015411 0.000000 0.011660 0.934015 -0.357044 13.711900 -0.012040 0.357173 0.933960 0.000000 0.000000 0.000000 0.000000 1.000000
0.999956 -0.007054 0.006108 0.000000 0.008763 0.934865 -0.354896 13.711900 -0.003206 0.354934 0.934886 -0.000000 0.000000 0.000000 0.000000 1.000000
0.999969 -0.007467 -0.002494 -0.000000 0.006105 0.935540 -0.353167 13.711900 0.004970 0.353141 0.935557 0.000000 0.000000 0.000000 0.000000 1.000000
0.999920 -0.007941 -0.009863 -0.000000 0.003962 0.935993 -0.351995 13.711900 0.012027 0.351928 0.935950 0.000000 0.000000 0.000000 0.000000 1.000000
0.999835 -0.008826 -0.015899 -0.000000 0.002679 0.936283 -0.351235 13.711900 0.017986 0.351134 0.936152 0.000000 0.000000 0.000000 0.000000 1.000000
0.999722 -0.010462 -0.021108 0.000000 0.002396 0.936498 -0.350665 13.711900 0.023436 0.350517 0.936263 0.000000 0.000000 0.000000 0.000000 1.000000
0.999573 -0.012868 -0.026223 0.000000 0.002865 0.936603 -0.350381 13.711900 0.029069 0.350156 0.936240 0.000000 0.000000 0.000000 0.000000 1.000000
0.999384 -0.015446 -0.031506 -0.000000 0.003414 0.936440 -0.350812 13.711900 0.034922 0.350488 0.935916 0.000000 0.000000 0.000000 0.000000 1.000000
0.999194 -0.017125 -0.036318 0.000000 0.003244 0.935958 -0.352097 13.711900 0.040022 0.351695 0.935259 0.000000 0.000000 0.000000 0.000000 1.000000
0.999075 -0.017069 -0.039459 -0.000000 0.002021 0.935441 -0.353476 13.711900 0.042945 0.353070 0.934611 0.000000 0.000000 0.000000 0.000000 1.000000
0.999077 -0.015377 -0.040101 0.000000 0.000203 0.935391 -0.353615 13.711900 0.042948 0.353281 0.934531 -0.000000 0.000000 0.000000 0.000000 1.000000
0.999175 -0.013035 -0.038462 0.000000 -0.001326 0.936107 -0.351714 13.711900 0.040589 0.351475 0.935317 0.000000 0.000000 0.000000 0.000000 1.000000
0.999310 -0.011153 -0.035437 0.000000 -0.001887 0.937407 -0.348231 13.711900 0.037102 0.348057 0.936739 0.000000 0.000000 0.000000 0.000000 1.000000
0.999447 -0.010303 -0.031617 0.000000 -0.001217 0.938816 -0.344416 13.711900 0.033232 0.344264 0.938285 0.000000 0.000000 0.000000 0.000000 1.000000
0.999582 -0.010580 -0.026919 0.000000 0.000759 0.939973 -0.341249 13.711900 0.028913 0.341086 0.939587 0.000000 0.000000 0.000000 0.000000 1.000000
0.999703 -0.012001 -0.021212 0.000000 0.004101 0.940779 -0.338996 13.711900 0.024024 0.338808 0.940549 0.000000 0.000000 0.000000 0.000000 1.000000
0.999784 -0.014526 -0.014863 -0.000000 0.008654 0.941192 -0.337762 13.711900 0.018895 0.337560 0.941114 0.000000 0.000000 0.000000 0.000000 1.000000
0.999811 -0.017637 -0.008205 0.000000 0.013824 0.940973 -0.338200 13.711900 0.013685 0.338022 0.941039 -0.000000 0.000000 0.000000 0.000000 1.000000
0.999795 -0.020253 -0.000681 0.000000 0.018804 0.939736 -0.341384 13.711900 0.007554 0.341301 0.939924 0.000000 0.000000 0.000000 0.000000 1.000000
0.999732 -0.021368 0.008882 0.000000 0.023123 0.937259 -0.347867 13.711900 -0.000891 0.347979 0.937502 0.000000 0.000000 0.000000 0.000000 1.000000
0.999567 -0.020808 0.020825 0.000000 0.026873 0.933779 -0.356841 13.711900 -0.012021 0.357246 0.933933 -0.000000 0.000000 0.000000 0.000000 1.000000
0.999247 -0.019274 0.033683 0.000000 0.030285 0.930018 -0.366263 13.711900 -0.024267 0.367007 0.929902 0.000000 0.000000 0.000000 0.000000 1.000000
0.998833 -0.017723 0.044929 0.000000 0.033263 0.926887 -0.373863 13.711900 -0.035018 0.374922 0.926395 -0.000000 0.000000 0.000000 0.000000 1.000000
0.998468 -0.016780 0.052729 0.000000 0.035518 0.925048 -0.378186 13.711900 -0.042431 0.379480 0.924227 -0.000000 0.000000 0.000000 0.000000 1.000000
0.998239 -0.016613 0.056949 0.000000 0.037007 0.924684 -0.378934 13.711900 -0.046364 0.380374 0.923670 -0.000000 0.000000 0.000000 0.000000 1.000000
0.998138 -0.017031 0.058562 0.000000 0.037895 0.925558 -0.376703 13.711900 -0.047786 0.378221 0.924481 -0.000000 0.000000 0.000000 0.000000 1.000000
0.998136 -0.017548 0.058457 -0.000000 0.038127 0.927177 -0.372680 13.711900 -0.047660 0.374214 0.926117 0.000000 0.000000 0.000000 0.000000 1.000000
0.998220 -0.017553 0.056997 -0.000000 0.037363 0.928966 -0.368275 13.711900 -0.046484 0.369749 0.927968 0.000000 0.000000 0.000000 0.000000 1.000000
0.998392 -0.016567 0.054215 0.000000 0.035240 0.930492 -0.364614 13.711900 -0.044406 0.365938 0.929579 0.000000 0.000000 0.000000 0.000000 1.000000</float_array><technique_common><accessor source="#mixamorig6_Spine2-Matrix-animation-output-transform-array" count="34" stride="16"><param type="float4x4"/></accessor></technique_common></source><source id="mixamorig6_Spine2-Interpolations"><Name_array id="mixamorig6_Spine2-Interpolations-array" count="34">
 LINEAR LINEAR LINEAR LINEAR LINEAR LINEAR LINEAR LINEAR LINEAR LINEAR LINEAR
LINEAR LINEAR LINEAR LINEAR LINEAR LINEAR LINEAR LINEAR LINEAR LINEAR LINEAR LINEAR
LINEAR LINEAR LINEAR LINEAR LINEAR LINEAR LINEAR LINEAR LINEAR LINEAR LINEAR</Name_array><technique_common><accessor source="#mixamorig6_Spine2-Interpolations-array" count="34"><param type="name"/></accessor></technique_common></source><sampler id="mixamorig6_Spine2-Matrix-animation-transform"><input semantic="INPUT" source="#mixamorig6_Spine2-Matrix-animation-input"/><input semantic="OUTPUT" source="#mixamorig6_Spine2-Matrix-animation-output-transform"/><input semantic="INTERPOLATION" source="#mixamorig6_Spine2-Interpolations"/></sampler><channel source="#mixamorig6_Spine2-Matrix-animation-transform" target="mixamorig6_Spine2/matrix"/></animation>
    <animation id="mixamorig6_Neck-anim" name="mixamorig6_Neck"><source id="mixamorig6_Neck-Matrix-animation-input"><float_array id="mixamorig6_Neck-Matrix-animation-input-array" count="34">

0.000000 0.033333 0.066667 0.100000 0.133333 0.166667 0.200000 0.233333 0.266667 0.300000 0.333333 0.366667 0.400000 0.433333 0.466667 0.500000
0.533333 0.566667 0.600000 0.633333 0.666667 0.700000 0.733333 0.766667 0.800000 0.833333 0.866667 0.900000 0.933333 0.966667 1.000000 1.033333
1.066667 1.100000</float_array><technique_common><accessor source="#mixamorig6_Neck-Matrix-animation-input-array" count="34"><param name="TIME" type="float"/></accessor></technique_common></source><source id="mixamorig6_Neck-Matrix-animation-output-transform"><float_array id="mixamorig6_Neck-Matrix-animation-output-transform-array" count="544">

0.998177 -0.053569 0.027791 0.000000 0.060086 0.925116 -0.374899 15.425900 -0.005627 0.375886 0.926649 0.000000 0.000000 0.000000 0.000000 1.000000
0.998768 -0.041060 0.027858 0.000000 0.048543 0.924810 -0.377320 15.425900 -0.010271 0.378208 0.925664 -0.000000 0.000000 0.000000 0.000000 1.000000
0.999273 -0.027088 0.026828 -0.000000 0.035251 0.924516 -0.379510 15.425900 -0.014522 0.380180 0.924799 -0.000000 0.000000 0.000000 0.000000 1.000000
0.999601 -0.014727 0.024092 -0.000000 0.022816 0.923934 -0.381872 15.425900 -0.016635 0.382269 0.923901 0.000000 0.000000 0.000000 0.000000 1.000000
0.999789 -0.006311 0.019557 0.000000 0.013350 0.922997 -0.384576 15.425900 -0.015624 0.384756 0.922886 -0.000000 0.000000 0.000000 0.000000 1.000000
0.999899 -0.001194 0.014176 0.000000 0.006590 0.922001 -0.387132 15.425900 -0.012608 0.387187 0.921915 -0.000000 0.000000 0.000000 0.000000 1.000000
0.999949 0.003869 0.009347 -0.000000 0.000065 0.921494 -0.388393 15.425900 -0.010116 0.388374 0.921446 0.000000 0.000000 0.000000 0.000000 1.000000
0.999911 0.012070 0.005710 0.000000 -0.008918 0.921951 -0.387203 15.425900 -0.009938 0.387117 0.921977 0.000000 0.000000 0.000000 0.000000 1.000000
0.999697 0.024453 0.002683 0.000000 -0.021559 0.923419 -0.383188 15.425900 -0.011847 0.383014 0.923666 0.000000 0.000000 0.000000 0.000000 1.000000
0.999220 0.039486 -0.000801 -0.000000 -0.036875 0.925490 -0.376973 15.425900 -0.014144 0.376708 0.926224 0.000000 0.000000 0.000000 0.000000 1.000000
0.998530 0.053932 -0.005324 -0.000000 -0.052078 0.927706 -0.369660 15.425900 -0.014997 0.369394 0.929152 0.000000 0.000000 0.000000 0.000000 1.000000
0.997857 0.064539 -0.010753 0.000000 -0.064046 0.929868 -0.362276 15.425900 -0.013382 0.362188 0.932009 -0.000000 0.000000 0.000000 0.000000 1.000000
0.997421 0.069832 -0.016603 -0.000000 -0.071164 0.931872 -0.355739 15.425900 -0.009370 0.356003 0.934438 -0.000000 0.000000 0.000000 0.000000 1.000000
0.997239 0.070841 -0.022292 0.000000 -0.074154 0.933440 -0.350984 15.425900 -0.004056 0.351668 0.936116 -0.000000 0.000000 0.000000 0.000000 1.000000
0.997167 0.070165 -0.027103 0.000000 -0.075212 0.934251 -0.348594 15.425900 0.000861 0.349645 0.936882 -0.000000 0.000000 0.000000 0.000000 1.000000
0.997085 0.070040 -0.030247 0.000000 -0.076194 0.934317 -0.348204 15.425900 0.003872 0.349494 0.936930 0.000000 0.000000 0.000000 0.000000 1.000000
0.997001 0.070802 -0.031240 0.000000 -0.077257 0.934080 -0.348606 15.425900 0.004499 0.349974 0.936749 0.000000 0.000000 0.000000 0.000000 1.000000
0.997036 0.070753 -0.030209 -0.000000 -0.076850 0.934031 -0.348828 15.425900 0.003535 0.350115 0.936700 0.000000 0.000000 0.000000 0.000000 1.000000
0.997326 0.067627 -0.027717 0.000000 -0.073051 0.934178 -0.349248 15.425900 0.002273 0.350339 0.936620 -0.000000 0.000000 0.000000 0.000000 1.000000
0.997857 0.060796 -0.024196 -0.000000 -0.065422 0.933876 -0.351562 15.425900 0.001222 0.352391 0.935852 0.000000 0.000000 0.000000 0.000000 1.000000
0.998438 0.052321 -0.019574 -0.000000 -0.055860 0.932255 -0.357462 15.425900 -0.000455 0.357998 0.933722 0.000000 0.000000 0.000000 0.000000 1.000000
0.998880 0.045330 -0.013569 0.000000 -0.047145 0.929019 -0.367015 15.425900 -0.004031 0.367244 0.930116 -0.000000 0.000000 0.000000 0.000000 1.000000
0.999150 0.040736 -0.006382 -0.000000 -0.040126 0.924958 -0.377944 15.425900 -0.009493 0.377879 0.925806 -0.000000 0.000000 0.000000 0.000000 1.000000
0.999358 0.035808 0.001011 -0.000000 -0.032636 0.921745 -0.386422 15.425900 -0.014769 0.386141 0.922322 0.000000 0.000000 0.000000 0.000000 1.000000
0.999620 0.026560 0.007388 0.000000 -0.021595 0.920964 -0.389049 15.425900 -0.017137 0.388742 0.921187 -0.000000 0.000000 0.000000 0.000000 1.000000
0.999860 0.011536 0.012110 -0.000000 -0.005987 0.922931 -0.384918 15.425900 -0.015617 0.384792 0.922871 0.000000 0.000000 0.000000 0.000000 1.000000
0.999856 -0.007086 0.015400 0.000000 0.012362 0.926391 -0.376359 15.425900 -0.011599 0.376496 0.926346 -0.000000 0.000000 0.000000 0.000000 1.000000
0.999511 -0.025646 0.017887 0.000000 0.030428 0.929481 -0.367613 15.425900 -0.007198 0.367978 0.929807 -0.000000 0.000000 0.000000 0.000000 1.000000
0.998943 -0.041358 0.020049 0.000000 0.045814 0.930967 -0.362216 15.425900 -0.003685 0.362752 0.931878 -0.000000 0.000000 0.000000 0.000000 1.000000
0.998358 -0.052851 0.022073 -0.000000 0.057257 0.930727 -0.361206 15.425900 -0.001454 0.361877 0.932225 -0.000000 0.000000 0.000000 0.000000 1.000000
0.997932 -0.059643 0.023973 0.000000 0.064278 0.929377 -0.363492 15.425900 -0.000601 0.364281 0.931289 -0.000000 0.000000 0.000000 0.000000 1.000000
0.997764 -0.061722 0.025655 -0.000000 0.066832 0.927685 -0.367334 15.425900 -0.001127 0.368227 0.929735 0.000000 0.000000 0.000000 0.000000 1.000000
0.997863 -0.059509 0.026968 0.000000 0.065271 0.926186 -0.371375 15.425900 -0.002877 0.372342 0.928091 -0.000000 0.000000 0.000000 0.000000 1.000000
0.998177 -0.053569 0.027791 -0.000000 0.060086 0.925116 -0.374899 15.425900 -0.005627 0.375886 0.926649 0.000000 0.000000 0.000000 0.000000 1.000000</float_array><technique_common><accessor source="#mixamorig6_Neck-Matrix-animation-output-transform-array" count="34" stride="16"><param type="float4x4"/></accessor></technique_common></source><source id="mixamorig6_Neck-Interpolations"><Name_array id="mixamorig6_Neck-Interpolations-array" count="34">
 LINEAR LINEAR LINEAR LINEAR LINEAR LINEAR LINEAR LINEAR LINEAR LINEAR LINEAR
LINEAR LINEAR LINEAR LINEAR LINEAR LINEAR LINEAR LINEAR LINEAR LINEAR LINEAR LINEAR
LINEAR LINEAR LINEAR LINEAR LINEAR LINEAR LINEAR LINEAR LINEAR LINEAR LINEAR</Name_array><technique_common><accessor source="#mixamorig6_Neck-Interpolations-array" count="34"><param type="name"/></accessor></technique_common></source><sampler id="mixamorig6_Neck-Matrix-animation-transform"><input semantic="INPUT" source="#mixamorig6_Neck-Matrix-animation-input"/><input semantic="OUTPUT" source="#mixamorig6_Neck-Matrix-animation-output-transform"/><input semantic="INTERPOLATION" source="#mixamorig6_Neck-Interpolations"/></sampler><channel source="#mixamorig6_Neck-Matrix-animation-transform" target="mixamorig6_Neck/matrix"/></animation>
    <animation id="mixamorig6_Head-anim" name="mixamorig6_Head"><source id="mixamorig6_Head-Matrix-animation-input"><float_array id="mixamorig6_Head-Matrix-animation-input-array" count="34">

0.000000 0.033333 0.066667 0.100000 0.133333 0.166667 0.200000 0.233333 0.266667 0.300000 0.333333 0.366667 0.400000 0.433333 0.466667 0.500000
0.533333 0.566667 0.600000 0.633333 0.666667 0.700000 0.733333 0.766667 0.800000 0.833333 0.866667 0.900000 0.933333 0.966667 1.000000 1.033333
1.066667 1.100000</float_array><technique_common><accessor source="#mixamorig6_Head-Matrix-animation-input-array" count="34"><param name="TIME" type="float"/></accessor></technique_common></source><source id="mixamorig6_Head-Matrix-animation-output-transform"><float_array id="mixamorig6_Head-Matrix-animation-output-transform-array" count="544">

0.999077 -0.036622 0.022440 0.000000 0.040972 0.969375 -0.242143 3.779800 -0.012885 0.242839 0.969981 1.345900 0.000000 0.000000 0.000000 1.000000
0.999342 -0.028735 0.022131 0.000000 0.033290 0.968898 -0.245211 3.779800 -0.014396 0.245786 0.969217 1.345900 0.000000 0.000000 0.000000 1.000000
0.999581 -0.020200 0.020714 -0.000000 0.024731 0.968094 -0.249364 3.779800 -0.015016 0.249772 0.968188 1.345900 0.000000 0.000000 0.000000 1.000000
0.999754 -0.013361 0.017680 0.000000 0.017454 0.966321 -0.256746 3.779800 -0.013654 0.256992 0.966317 1.345900 0.000000 0.000000 0.000000 1.000000
0.999866 -0.009856 0.013104 -0.000000 0.013021 0.963008 -0.269159 3.779800 -0.009967 0.269294 0.963007 1.345900 0.000000 0.000000 0.000000 1.000000
0.999929 -0.008820 0.008063 0.000000 0.010763 0.957929 -0.286804 3.779800 -0.005194 0.286870 0.957955 1.345900 0.000000 0.000000 0.000000 1.000000
0.999967 -0.007092 0.003904 0.000000 0.007950 0.951355 -0.307993 3.779800 -0.001530 0.308014 0.951380 1.345900 0.000000 0.000000 0.000000 1.000000
0.999999 -0.001239 0.001038 0.000000 0.001512 0.944034 -0.329844 3.779800 -0.000571 0.329845 0.944035 1.345900 0.000000 0.000000 0.000000 1.000000
0.999944 0.010517 -0.001379 0.000000 -0.010335 0.936790 -0.349741 3.779800 -0.002386 0.349735 0.936846 1.345900 0.000000 0.000000 0.000000 1.000000
0.999619 0.027245 -0.004526 0.000000 -0.027007 0.929937 -0.366725 3.779800 -0.005782 0.366707 0.930318 1.345900 0.000000 0.000000 0.000000 1.000000
0.998933 0.045316 -0.008886 -0.000000 -0.045280 0.923371 -0.381229 3.779800 -0.009071 0.381225 0.924438 1.345900 0.000000 0.000000 0.000000 1.000000
0.998108 0.059854 -0.014100 0.000000 -0.060572 0.917452 -0.393209 3.779800 -0.010599 0.393319 0.919341 1.345900 0.000000 0.000000 0.000000 1.000000
0.997537 0.067373 -0.019523 -0.000000 -0.069539 0.913364 -0.401160 3.779800 -0.009196 0.401530 0.915800 1.345900 0.000000 0.000000 0.000000 1.000000
0.997383 0.067985 -0.024599 0.000000 -0.072124 0.911981 -0.403842 3.779800 -0.005021 0.404560 0.914498 1.345900 0.000000 0.000000 0.000000 1.000000
0.997450 0.065290 -0.028812 0.000000 -0.071365 0.912507 -0.402788 3.779800 -0.000007 0.403818 0.914840 1.345900 0.000000 0.000000 0.000000 1.000000
0.997470 0.063676 -0.031596 0.000000 -0.071010 0.912881 -0.402001 3.779800 0.003245 0.403228 0.915094 1.345900 0.000000 0.000000 0.000000 1.000000
0.997362 0.064872 -0.032567 0.000000 -0.072505 0.911663 -0.404491 3.779800 0.003450 0.405786 0.913962 1.345900 0.000000 0.000000 0.000000 1.000000
0.997275 0.066572 -0.031786 0.000000 -0.073753 0.909307 -0.409539 3.779800 0.001639 0.410767 0.911739 1.345900 0.000000 0.000000 0.000000 1.000000
0.997468 0.064637 -0.029661 0.000000 -0.071117 0.907574 -0.413826 3.779800 0.000171 0.414888 0.909873 1.345900 0.000000 0.000000 0.000000 1.000000
0.998004 0.057298 -0.026538 0.000000 -0.063145 0.907796 -0.414631 3.779800 0.000334 0.415480 0.909602 1.345900 0.000000 0.000000 0.000000 1.000000
0.998628 0.047328 -0.022419 0.000000 -0.052361 0.910060 -0.411156 3.779800 0.000944 0.411766 0.911289 1.345900 0.000000 0.000000 0.000000 1.000000
0.999076 0.039413 -0.017129 0.000000 -0.042973 0.914149 -0.403095 3.779800 -0.000229 0.403458 0.914998 1.345900 0.000000 0.000000 0.000000 1.000000
0.999324 0.035134 -0.010794 -0.000000 -0.036565 0.920472 -0.389094 3.779800 -0.003735 0.389226 0.921135 1.345900 0.000000 0.000000 0.000000 1.000000
0.999504 0.031228 -0.004106 0.000000 -0.030551 0.929523 -0.367495 3.779800 -0.007659 0.367439 0.930016 1.345900 0.000000 0.000000 0.000000 1.000000
